Rotation matrix for image no  1 : 
[[-0.07102174 -0.92083435  0.38343188]
 [ 0.9786492   0.01000284  0.20529417]
 [-0.19287733  0.38982565  0.90046338]]
Translation vector for image no  1 : 
[[ 1.8134131 ]
 [-1.05169211]
 [20.49358673]]
Rotation matrix for image no  2 : 
[[ 9.89009039e-01 -1.47855058e-01 -4.54478648e-05]
 [ 1.45882437e-01  9.75763952e-01  1.63104336e-01]
 [-2.40714547e-02 -1.61318293e-01  9.86608825e-01]]
Translation vector for image no  2 : 
[[-4.35156273]
 [-0.82093819]
 [21.92070813]]
Rotation matrix for image no  3 : 
[[ 0.99842792 -0.03378052 -0.04472764]
 [ 0.02364548  0.9773472  -0.21031722]
 [ 0.05081906  0.20892898  0.97660949]]
Translation vector for image no  3 : 
[[-3.88361376]
 [-1.00949305]
 [20.29191978]]
Rotation matrix for image no  4 : 
[[ 0.00955223 -0.74671175  0.66507918]
 [ 0.99927689 -0.01735086 -0.03383268]
 [ 0.03680295  0.66492143  0.74600605]]
Translation vector for image no  4 : 
[[ 1.90246356]
 [-1.09932006]
 [16.19225068]]
Rotation matrix for image no  5 : 
[[-0.06739674 -0.88928994  0.45235062]
 [ 0.98852989  0.00189738  0.15101342]
 [-0.135153    0.45733993  0.87896181]]
Translation vector for image no  5 : 
[[ 2.31241135]
 [-1.08741332]
 [20.75097411]]
Rotation matrix for image no  6 : 
[[ 0.96688076 -0.08333825  0.24123915]
 [ 0.05377362  0.99048886  0.12664996]
 [-0.24949947 -0.10948311  0.96216603]]
Translation vector for image no  6 : 
[[-3.6147039 ]
 [-0.89308702]
 [23.23958818]]
Rotation matrix for image no  7 : 
[[ 0.82692053 -0.06829871 -0.55815564]
 [ 0.0540054   0.99765411 -0.04206768]
 [ 0.55971944  0.00464321  0.82866917]]
Translation vector for image no  7 : 
[[-4.10395893]
 [-0.82815767]
 [22.13886713]]
Rotation matrix for image no  8 : 
[[ 0.82683747  0.15665229 -0.54018502]
 [ 0.10562503  0.9000932   0.42270035]
 [ 0.55243384 -0.40656154  0.72768438]]
Translation vector for image no  8 : 
[[-4.86633508]
 [ 0.09143723]
 [20.69934942]]
Rotation matrix for image no  9 : 
[[ 0.91020675 -0.06660067  0.40876401]
 [ 0.15507262  0.96999247 -0.18726208]
 [-0.38402623  0.23383532  0.89322164]]
Translation vector for image no  9 : 
[[-1.75416287]
 [-0.41878844]
 [20.92749087]]
Rotation matrix for image no  10 : 
[[ 0.8994975   0.11901721 -0.42040357]
 [ 0.12786605  0.84835543  0.51375416]
 [ 0.41779724 -0.51587592  0.74787533]]
Translation vector for image no  10 : 
[[-4.07214864]
 [ 2.71811264]
 [20.84642819]]
Rotation matrix for image no  11 : 
[[-0.0821149  -0.9007385   0.42652936]
 [ 0.95452505  0.05199299  0.29356201]
 [-0.28659914  0.43123878  0.85550807]]
Translation vector for image no  11 : 
[[ 2.85130821]
 [ 0.32008405]
 [20.67798088]]
Rotation matrix for image no  12 : 
[[ 0.99517449  0.00675394  0.09788829]
 [ 0.03148108  0.92290954 -0.38372768]
 [-0.09293371  0.38495762  0.91824341]]
Translation vector for image no  12 : 
[[-3.53385171]
 [-1.96631963]
 [20.46629483]]
Rotation matrix for image no  13 : 
[[ 0.98225422  0.03855192 -0.18354941]
 [ 0.12766496  0.57950362  0.8049082 ]
 [ 0.13739831 -0.81405731  0.56429815]]
Translation vector for image no  13 : 
[[-4.28873784]
 [ 0.19990036]
 [19.94499033]]
Rotation matrix for image no  14 : 
[[ 0.91259934 -0.2948206   0.2832724 ]
 [ 0.04983756  0.76789166  0.6386381 ]
 [-0.40580618 -0.5687031   0.71547056]]
Translation vector for image no  14 : 
[[-1.78573751]
 [ 0.91955622]
 [23.79112921]]
Rotation matrix for image no  15 : 
[[ 0.76557399 -0.44562569  0.46401962]
 [ 0.20891274  0.85437006  0.47582273]
 [-0.6084833  -0.26733789  0.74718038]]
Translation vector for image no  15 : 
[[-1.77684331]
 [-2.37300187]
 [21.5557542 ]]
Rotation matrix for image no  16 : 
[[-0.0673223  -0.5947724   0.80107022]
 [ 0.99678567 -0.07504206  0.02805366]
 [ 0.04342842  0.80038396  0.59791261]]
Translation vector for image no  16 : 
[[ 1.40150069]
 [-1.77131114]
 [15.91708996]]
Rotation matrix for image no  17 : 
[[ 0.59375614  0.22741412  0.77183966]
 [ 0.16351916  0.9051116  -0.39247227]
 [-0.78785477  0.35924339  0.500229  ]]
Translation vector for image no  17 : 
[[-3.20605028]
 [-2.99449581]
 [20.27280135]]
Rotation matrix for image no  18 : 
[[ 0.70045485 -0.24225073  0.67132525]
 [ 0.28814416  0.95655117  0.04452871]
 [-0.65294406  0.1622481   0.73982404]]
Translation vector for image no  18 : 
[[-3.87568266]
 [ 0.93163601]
 [26.17067998]]
Rotation matrix for image no  19 : 
[[ 0.7544554  -0.02750457 -0.65577477]
 [ 0.16746767  0.97411901  0.15181152]
 [ 0.63462716 -0.22435609  0.73953547]]
Translation vector for image no  19 : 
[[-3.50478067]
 [ 2.20344212]
 [20.30007535]]
Rotation matrix for image no  20 : 
[[ 0.58023489  0.15789553 -0.79899717]
 [ 0.11136286  0.95643259  0.26987962]
 [ 0.80679972 -0.24557218  0.53737186]]
Translation vector for image no  20 : 
[[-4.80034264]
 [-2.64640878]
 [19.17340705]]
Rotation matrix for image no  21 : 
[[ 0.48786545 -0.06129635 -0.87076407]
 [ 0.27552361  0.95735144  0.08697682]
 [ 0.82829587 -0.28234904  0.48394728]]
Translation vector for image no  21 : 
[[-2.44962424]
 [-3.01055805]
 [20.55680208]]
Rotation matrix for image no  22 : 
[[ 0.87219511  0.03825071  0.4876603 ]
 [ 0.17735171  0.90437663 -0.38813564]
 [-0.45587504  0.4250174   0.78200905]]
Translation vector for image no  22 : 
[[-2.69588532]
 [-0.07899122]
 [20.74412321]]
Rotation matrix for image no  23 : 
[[ 0.97918792 -0.03047206 -0.2006551 ]
 [ 0.15010434  0.77415877  0.61493649]
 [ 0.13660052 -0.63225758  0.76262091]]
Translation vector for image no  23 : 
[[-4.1325675 ]
 [-3.12851448]
 [22.75989002]]
Rotation matrix for image no  24 : 
[[ 0.91366806 -0.15819106 -0.37441456]
 [ 0.2951508   0.89154313  0.34356492]
 [ 0.27945784 -0.42441305  0.8612647 ]]
Translation vector for image no  24 : 
[[-3.73240187]
 [-2.13355319]
 [20.12342454]]
Rotation matrix for image no  25 : 
[[ 9.92265530e-01 -1.16652641e-01  4.24414857e-02]
 [ 1.24133469e-01  9.32418770e-01 -3.39390806e-01]
 [ 1.75960589e-05  3.42034207e-01  9.39687502e-01]]
Translation vector for image no  25 : 
[[-3.14324706]
 [-1.2366687 ]
 [19.0093501 ]]
